204  61  61
255  57  51
204  31  20
255  92  76
204  60  40
255  59  25
204  86  61
255  93  51
204  64  20
255 124  76
204  89  40
255 101  25
204 112  61
255 130  51
204  97  20
255 156  76
204 119  40
255 142  25
204 138  61
255 167  51
204 130  20
255 188  76
204 148  40
255 183  25
204 164  61
255 204  51
204 163  20
255 221  76
204 177  40
255 225  25
204 189  61
255 240  51
204 196  20
255 253  76
200 204  40
243 255  25
192 204  61
232 255  51
178 204  20
224 255  76
171 204  40
202 255  25
166 204  61
195 255  51
145 204  20
192 255  76
141 204  40
160 255  25
141 204  61
159 255  51
112 204  20
160 255  76
112 204  40
119 255  25
115 204  61
122 255  51
 79 204  20
128 255  76
 83 204  40
 78 255  25
 89 204  61
 85 255  51
 46 204  20
 96 255  76
 53 204  40
 36 255  25
 64 204  61
 51 255  53
 20 204  27
 76 255  88
 40 204  57
 25 255  55
 61 204  84
 51 255  89
 20 204  60
 76 255 121
 40 204  86
 25 255  96
 61 204 109
 51 255 126
 20 204  93
 76 255 153
 40 204 115
 25 255 137
 61 204 135
 51 255 163
 20 204 126
 76 255 185
 40 204 145
 25 255 179
 61 204 161
 51 255 199
 20 204 159
 76 255 217
 40 204 174
 25 255 220
 61 204 186
 51 255 236
 20 204 192
 76 255 249
 40 204 204
 25 248 255
 61 195 204
 51 236 255
 20 181 204
 76 228 255
 40 174 204
 25 206 255
 61 169 204
 51 199 255
 20 148 204
 76 196 255
 40 145 204
 25 165 255
 61 144 204
 51 163 255
 20 115 204
 76 163 255
 40 115 204
 25 124 255
 61 118 204
 51 126 255
 20  82 204
 76 131 255
 40  86 204
 25  82 255
 61  92 204
 51  89 255
 20  49 204
 76  99 255
 40  57 204
 25  41 255
 61  66 204
 51  53 255
 24  20 204
 85  76 255
 53  40 204
 50  25 255
 81  61 204
 85  51 255
 57  20 204
117  76 255
 83  40 204
 92  25 255
106  61 204
122  51 255
 90  20 204
149  76 255
112  40 204
133  25 255
132  61 204
159  51 255
123  20 204
181  76 255
141  40 204
174  25 255
158  61 204
195  51 255
156  20 204
213  76 255
171  40 204
215  25 255
184  61 204
232  51 255
189  20 204
246  76 255
200  40 204
255  25 252
204  61 198
255  51 240
204  20 185
255  76 231
204  40 177
255  25 211
204  61 172
255  51 204
204  20 152
255  76 199
204  40 148
255  25 170
204  61 146
255  51 167
204  20 119
255  76 167
204  40 119
255  25 128
204  61 121
255  51 130
204  20  86
255  76 135
204  40  89
255  25  87
204  61  95
255  51  93
204  20  53
255  76 103
204  40  60
255  25  46
204  61  69
255  51  57
